0.9997114943 1.11256e-05 0.02400125998 -6.389381578e-06 1 -0.0001974083961 -0.02400125998 0.000197198 0.9997114943
0.9998865954 -2.27849e-05 -0.01506387194 8.566262136e-06 1 -0.000943957072 0.01506390835 0.000943721 0.9998855961
0.9913524217 2.05894e-05 -0.1312270585 -6.267673527e-05 1 -0.0003165915564 0.1312270585 0.000322078 0.9913524217
0.9988752678 2.38801e-05 0.04740786801 -1.827557927e-05 1 -0.00011865322 -0.04740786801 0.000117653 0.9988752678
0.9986061757 4.49163e-05 0.05278137609 -2.355423385e-05 1 -0.0004053498933 -0.05278137609 0.000403541 0.9986061757
0.9891233182 0.00033738 0.147089909 -0.0002782829353 1 -0.0004223543517 -0.147089909 0.000376828 0.9891233182
0.9935493927 0.000202444 0.1134003369 -0.0001320781161 1 -0.0006280165783 -0.1134003369 0.000608988 0.9935493927
0.998260299 1.53562e-05 0.05896781122 8.511465209e-06 1 -0.0004045070453 -0.05896781122 0.000404305 0.998260299
0.9999023867 -3.25486e-05 -0.01394643999 2.445105053e-05 1 -0.0005807866803 0.01394645999 0.000580389 0.9999023866
0.999985541 9.83546e-06 -0.005445666973 -1.296044918e-05 1 -0.0005738125805 0.005445658364 0.000573875 0.999984541
0.9996181359 2.45772e-05 0.02762597481 -6.998954652e-06 1 -0.0006363878756 -0.0276260746 0.000635952 0.9996181296
0.9991504766 -3.28269e-05 0.04122247274 6.688223696e-05 1 -0.0008247572336 -0.04122238407 0.000826813 0.9991494806
0.9880323663 0.000241649 0.1542480593 -7.36096838e-05 0.999999 -0.001095114318 -0.1542480103 0.00107065 0.9880313675
0.999587989 2.09486e-05 0.02870269103 -4.403425029e-06 1 -0.0005764965169 -0.02870279083 0.000576133 0.9995879828
0.9984364367 0.000201405 -0.05590176148 -0.0002074800645 1 -0.0001028848899 0.05590176148 0.000114323 0.9984364367
0.9969929402 9.94854e-05 -0.07749598803 -0.000193162941 0.999999 -0.001201299761 0.07749606201 0.00121266 0.9969919429
0.9995011948 6.93984e-05 -0.03158425756 -8.147779656e-05 1 -0.0003811601754 0.03158425756 0.000383543 0.9995011948
0.9999992731 1.33123e-06 0.001437306592 -4.27036416e-07 1 -0.0006290902049 -0.001437274916 0.000629089 0.9999982736
0.9990098917 -1.48961e-05 0.0444956296 5.690734252e-05 1 -0.0009428998578 -0.04449555465 0.000944498 0.9990088945
0.9994071793 -1.29474e-06 0.03442774586 3.529582564e-05 1 -0.0009869993302 -0.03442774586 0.000987629 0.9994071793
0.9994019371 7.87213e-06 0.03458599667 7.971256123e-06 1 -0.000457949173 -0.03458599667 0.000457951 0.9994019371
0.9991969218 -7.09973e-05 0.04007896953 9.255562126e-05 1 -0.0005360420204 -0.04007879363 0.000539321 0.9991959323
0.9998662829 1.63927e-05 0.0163682892 -4.728602578e-06 1 -0.0007126413287 -0.01636829048 0.000712469 0.9998652828
0.9976188597 0.000284771 0.06896113848 -0.0002617493345 1 -0.0003428710133 -0.06896123807 0.000324004 0.9976188507
0.9945888376 0.000166063 -0.1038886865 -0.0001930214171 1 -0.0002494434265 0.1038886865 0.000268146 0.9945888376
0.9954819383 -0.000148315 -0.09494979934 9.107847961e-05 1 -0.0006071435408 0.09494979934 0.000595753 0.9954819383
0.9996055251 -5.49831e-06 0.02809482585 1.740173366e-05 1 -0.0004234430028 -0.02809481586 0.000423765 0.9996055254
0.9999236562 9.61019e-06 0.01234592173 -5.128318336e-06 1 -0.000363052894 -0.01234592173 0.000362962 0.9999236562
0.9999812351 4.73012e-05 -0.006172834345 -4.829976369e-05 1 -0.0001616079124 0.006172834345 0.000161903 0.9999812351
0.999982048 -2.04419e-05 0.005924735112 2.443815181e-05 1 -0.0006744146112 -0.005924725112 0.000674548 0.9999820481
0.9999986834 7.51872e-06 -0.001321225193 -8.222334686e-06 1 -0.0005325551253 0.001321225193 0.000532565 0.9999986834
0.9999853547 -2.85145e-05 -0.005379528803 2.521252544e-05 1 -0.0006138742721 0.005379528803 0.00061373 0.9999853547
0.9995651615 -6.06913e-05 0.02947544261 7.409244671e-05 1 -0.0004535641356 -0.02947544261 0.000455551 0.9995651615
0.9999949204 3.03371e-05 -0.003214044221 -3.166427618e-05 1 -0.0004129083804 0.003214044221 0.000413008 0.9999949204
0.9996695092 -4.67902e-05 -0.02572556549 2.513681689e-05 1 -0.0008420270205 0.02572568053 0.000841102 0.9996685108
0.9873916784 0.000384809 0.1582953692 -0.0003300418755 1 -0.0003722636037 -0.1582953692 0.000315326 0.9873916784
0.9960819689 0.000166086 0.08843683572 -0.0001045552612 1 -0.0007003850789 -0.08843703473 0.000688394 0.996081949
0.999294472 0.000137716 0.03755749243 -0.0001241513257 1 -0.0003634842387 -0.03755749243 0.000358565 0.999294472
0.9999941769 6.02254e-05 0.00333736852 -5.844354524e-05 1 -0.0005340032909 -0.003337398518 0.000533805 0.9999941765
0.9978428799 0.000128894 0.06563990095 -7.168131956e-05 1 -0.0008739713844 -0.06564000059 0.000867382 0.9978428713
0.9997142354 6.72323e-05 -0.02389660099 -7.465660056e-05 1 -0.0003097917692 0.02389650102 0.000311487 0.9997142333
0.9999860696 0.000173153 -0.005209778558 -0.0001734350506 1 -5.352216102e-05 0.005209778558 5.44249e-05 0.9999860696
0.9982277628 0.000268558 0.0595067457 -0.0002367242902 1 -0.0005419982095 -0.05950689534 0.000526951 0.9982277524
0.9972248455 3.55508e-05 0.07444652454 6.682079869e-06 1 -0.0005670414265 -0.07444654448 0.000565965 0.9972248439
0.9986043873 9.82243e-05 0.05281170454 -6.942631192e-05 1 -0.0005471242002 -0.05281170454 0.000542694 0.9986043873
0.9955404955 0.000503809 0.09433033009 -0.000396802727 0.999999 -0.001153134377 -0.09433082979 0.00111056 0.9955404783
0.9999292393 9.20038e-05 0.01192295669 -8.580812974e-05 1 -0.0005201470564 -0.01192295669 0.000519087 0.9999292393
0.9993056283 4.11805e-05 0.03725189287 -3.256084905e-05 1 -0.0002319930364 -0.03725189287 0.000230619 0.9993056283
0.9967868751 0.000160728 0.08010420086 -9.983548613e-05 1 -0.0007641659361 -0.08010423144 0.000753713 0.9967858684
0.9993338608 5.17082e-06 0.03649495974 3.400485341e-05 0.999999 -0.001072833838 -0.03649491296 0.00107336 0.9993328619
0.9985155135 0.000291072 0.05447176021 -0.000252761752 1 -0.0007101905321 -0.05447195993 0.000695368 0.998515503
0.9998179457 6.24127e-05 0.01908412106 -5.935180709e-05 1 -0.0001609563512 -0.01908413106 0.000159795 0.9998179455
0.9908961424 0.0003067 -0.1346250482 -0.0003131238215 1 -2.654478803e-05 0.1346250482 6.84574e-05 0.9908961424
0.9999914726 2.12524e-05 0.004227980708 -2.201537352e-05 1 0.0001804277412 -0.004227980708 -0.000180519 0.9999914726
0.9999189744 -1.73181e-05 0.01274767222 1.49260999e-05 1 0.0001877363233 -0.01274767222 -0.00018753 0.9999189744
0.9995209344 0.000336394 0.03095613357 -0.0003161975745 1 -0.0006573247359 -0.03095643256 0.000647221 0.9995209098
0.9999762617 2.60745e-05 -0.006903210441 -2.778035484e-05 1 -0.0002470146993 0.006903210441 0.0002472 0.9999762617
0.9994053045 5.33122e-05 0.03448772503 -4.276126927e-05 1 -0.0003066688503 -0.03448772503 0.000305012 0.9994053045
0.9994776218 3.50055e-05 -0.03232883157 -4.501015972e-05 1 -0.0003087398538 0.03232883157 0.000310033 0.9994776218
0.9989328425 0.000174405 0.046196105 -0.0001832598476 1 0.0001874493186 -0.04619600502 -0.000195715 0.9989328447
0.9999933065 3.71144e-05 0.003676577018 -3.491903287e-05 1 -0.0005971594612 -0.003676676952 0.000597027 0.9999933029
0.9999129219 0.000113498 0.01316363822 -0.0001004508172 1 -0.0009918387999 -0.0131637381 0.000990431 0.999912917
0.9990213955 0.000891963 0.04421224566 -0.0008307077175 0.999999 -0.001403819584 -0.04421344213 0.00136572 0.9990213035
0.9998661105 5.57464e-05 0.01634716136 -5.188785246e-05 1 -0.0002364636084 -0.01634716136 0.000235584 0.9998661105
0.9998302069 4.88381e-05 0.01842304355 -4.487611864e-05 1 -0.0002154707685 -0.01842304355 0.000214607 0.9998302069
0.9999995081 5.17531e-05 0.0004789605009 -5.149625763e-05 1 -0.0005361685134 -0.0004789605009 0.000536144 0.9999995081
0.9992836086 0.000143967 0.03785256521 -0.0001326999947 1 -0.0003001901986 -0.03785266498 0.000294952 0.9992836018
0.9999657585 8.82128e-05 0.008313158994 -8.276169409e-05 1 -0.0006560852366 -0.008313221834 0.000655374 0.9999647555
0.9998158099 6.63273e-05 0.01917638132 -5.390178793e-05 1 -0.0006484765374 -0.01917643132 0.000647323 0.9998158093
0.9985537131 0.000127888 0.05376084539 -8.842323008e-05 1 -0.0007364563194 -0.05376094506 0.000730638 0.998553705
0.9995353107 -2.0627e-05 0.03046723445 8.357352922e-06 1 0.0004028422319 -0.03046723445 -0.000402401 0.9995353107
0.9993244619 1.17447e-05 -0.03673829124 -3.154260368e-05 1 -0.0005383099762 0.03673829124 0.000539106 0.9993244619
0.9998089485 5.31906e-05 0.01953190501 -5.07252534e-05 1 -0.0001267160298 -0.01953190501 0.000125701 0.9998089485
0.9998390145 8.01308e-05 0.0179474687 -7.46468917e-05 1 -0.0003062228935 -0.0179474687 0.000304834 0.9998390145
0.9996099481 7.21168e-05 0.02791527088 -7.236272265e-05 1 7.800136834e-06 -0.02791527088 -9.81713e-06 0.9996099481
0.9999295593 9.31605e-05 0.01185077394 -9.430688998e-05 1 9.617891203e-05 -0.01185077394 -9.72898e-05 0.9999295593
0.9989317911 0.000443123 0.04620443404 -0.0004162207018 1 -0.000591857843 -0.04620473403 0.000571994 0.9989317888
0.9997868764 -1.54329e-05 -0.02066246963 -2.201726603e-06 1 -0.000853438425 0.02066252313 0.000853302 0.9997858779
0.9999953465 -1.49358e-05 0.003210523251 1.831964258e-05 0.999999 -0.001053904447 -0.003210564551 0.00105395 0.9999943423
0.9995752506 -7.85034e-05 0.02913505811 8.792746259e-05 1 -0.0003221807953 -0.02913505811 0.000324606 0.9995752506
0.9988783651 0.000113222 0.04735411904 -0.0001182698088 1 0.0001037985815 -0.04735410705 -0.000109283 0.9988783656
0.9983584525 0.000329299 0.05726918876 -0.0002739907484 0.999999 -0.0009736012848 -0.05726948869 0.000956312 0.9983584464
0.9998603952 -6.81741e-06 0.01670896457 1.603186488e-05 1 -0.0005513335182 -0.01670896457 0.000551524 0.9998603952
0.9997949769 1.11823e-05 0.02025084749 3.786260512e-07 1 -0.000570881002 -0.02025084749 0.000570772 0.9997949769
0.999419003 -8.50302e-06 0.03407065529 1.045876883e-05 1 -5.722459958e-05 -0.03407065529 5.75477e-05 0.999419003
0.9996303689 4.12661e-05 0.02718060987 -2.307878638e-05 1 -0.0006694387016 -0.02718060987 0.000668564 0.9996303689
0.9999944251 3.98688e-05 0.003187910188 -3.751622656e-05 1 -0.0007380140477 -0.003187910188 0.00073789 0.9999944251
0.999800279 4.15941e-06 -0.01998674245 -2.465292968e-05 0.999999 -0.00102509433 0.01998679111 0.00102539 0.9997992802
0.9999749299 6.3647e-05 0.007054231607 -6.143695388e-05 1 -0.0003135125177 -0.007054231607 0.000313072 0.9999749299
0.9993855303 0.000713399 0.03505479954 -0.0006819642564 0.999999 -0.0009086987327 -0.03505534898 0.000884234 0.9993845016
0.9985505088 0.000164611 0.05382067277 -0.0001143745812 1 -0.0009364792785 -0.05382082262 0.000928966 0.998550502
0.9995982941 3.81158e-05 0.02835563263 -2.103409764e-05 1 -0.0006027080081 -0.02835554312 0.000601869 0.9995972981
0.9995603188 0.000365637 0.02966497485 -0.0003531222575 1 -0.0004271172657 -0.02966515727 0.000416453 0.9995593154
0.9998554943 -4.04817e-05 0.01698801461 3.823466131e-05 1 0.0001325951171 -0.01698801461 -0.000131927 0.9998554943
0.993329377 0.000246773 0.1153125265 -0.0002434313232 1 -4.306177066e-05 -0.1153125265 1.47038e-05 0.993329377
0.9999950288 -0.00015734 -0.003077920645 0.000158269269 1 0.0003014571796 0.003077820748 -0.000301943 0.9999950243
0.9981080997 0.000132979 0.06148883578 -0.00012764952 1 -9.059493832e-05 -0.06148883578 8.25745e-05 0.9981080997
0.999858909 -3.33689e-05 0.01679488896 3.547226714e-05 1 -0.0001249411415 -0.01679488896 0.000125519 0.999858909
0.9996967113 -3.83714e-05 0.02460714153 3.500810771e-05 1 0.0001371117864 -0.02460714153 -0.000136209 0.9996967113
0.9997167558 -4.03345e-05 0.02379269778 3.483868832e-05 1 0.0002314024429 -0.02379269778 -0.000230508 0.9997167558
0.9998281718 0.000120327 0.01853556726 -0.0001090390292 1 -0.0006099746123 -0.01853556726 0.000607848 0.9998281718
0.9986629985 0.000153579 0.05169375667 -0.0001604667791 1 0.000129084165 -0.05169375667 -0.000137206 0.9986629985
0.9996817915 -2.62822e-05 0.02521645227 2.824390164e-05 1 -7.743632201e-05 -0.02521645227 7.81239e-05 0.9996817915
0.9990308813 0.00012811 0.04402437697 -0.0001364141858 1 0.0001856175088 -0.044024347 -0.000191443 0.9990308827
0.9992962865 0.000595041 0.03751666658 -0.0006023979684 1 0.0001847978768 -0.03751654367 -0.000207268 0.9992962911
0.9996667618 7.26642e-05 0.02579772103 -8.647007684e-05 1 0.0005340424526 -0.02579762139 -0.000536096 0.9996667702
0.9990139058 -2.09407e-05 0.04439337735 -8.01628182e-06 1 0.0006521027886 -0.04439337735 -0.000651816 0.9990139058
0.9997766886 5.71529e-05 0.02115465912 -6.037830805e-05 1 0.0001518298832 -0.02115455934 -0.000153073 0.9997766953
0.9987350428 0.000323995 0.05027765525 -0.0003001481257 1 -0.0004818621072 -0.05027785484 0.000466162 0.9987350299
0.9999503735 1.00552e-05 -0.01000632802 -4.998920276e-06 1 0.0005053344918 0.01000633161 -0.000505259 0.9999493734
0.9999217449 0.000110151 0.01253685528 -0.0001170122621 1 0.0005465577974 -0.01253675537 -0.000547981 0.9999217491
0.9998750923 4.4208e-05 -0.01577884002 -5.241220788e-05 1 -0.0005195336521 0.01577884002 0.000520296 0.9998750923
0.9998865598 -3.56275e-06 -0.01503170743 1.605499907e-06 1 -0.0001302219327 0.01503170743 0.000130183 0.9998865598
0.9999946953 2.95835e-05 -0.003140867471 -3.234566509e-05 1 -0.0008793836484 0.003140867471 0.000879481 0.9999946953
0.999986507 -0.000108559 -0.005184841393 0.0001096318974 1 0.0002066199534 0.005184841393 -0.000207186 0.999986507
0.9999088681 1.51917e-05 0.01348075858 -1.248825845e-05 1 -0.0002006199973 -0.01348075858 0.000200433 0.9999088681
0.9989369969 1.26639e-05 -0.04609668706 -4.973457764e-05 1 -0.0008030451514 0.04609668706 0.000804484 0.9989369969
0.9999953482 5.03876e-05 -0.003089621509 -5.12216243e-05 1 -0.0002698909644 0.003089621509 0.000270048 0.9999953482
0.9997275663 5.81494e-05 -0.02334201837 -7.672924415e-05 1 -0.0007950903166 0.02334191841 0.000796665 0.9997275634
0.9999993128 2.5185e-05 -0.0009688116462 -2.493246922e-05 1 0.0002607376658 0.0009688116462 -0.000260714 0.9999993128
0.9988366152 0.000123402 -0.04821355132 -0.0001545026907 1 -0.0006413369712 0.04821345135 0.000648041 0.9988366129
0.9996965532 3.88725e-05 -0.02461967187 -5.619119417e-05 1 -0.0007027559048 0.02461957203 0.000703927 0.9996965474
0.9997552929 2.9487e-05 -0.02213554258 -4.164755776e-05 1 -0.0005489046838 0.02213554258 0.000549692 0.9997552929
0.9993326232 1.44727e-05 -0.03653351231 -3.817817503e-05 1 -0.000648172659 0.03653351231 0.000649135 0.9993326232
0.9990816318 3.19284e-05 -0.04284295478 -7.99766138e-05 0.999999 -0.001119777129 0.04284285486 0.00112218 0.9990816276
0.9987290128 3.07275e-05 -0.05039476068 -6.478648443e-05 1 -0.0006742105126 0.05039476068 0.000676619 0.9987290128
0.9997491924 7.03017e-05 -0.02238719773 -8.18204249e-05 1 -0.000513629199 0.02238719773 0.000515333 0.9997491924
0.9999272466 1.40787e-05 -0.0120713164 -1.607432977e-05 1 -0.0001652217705 0.0120713164 0.000165403 0.9999272466
0.9997697272 5.96493e-05 -0.02143886196 -4.951139283e-05 1 0.0004734101449 0.02143886196 -0.00047224 0.9997697272
0.9990958904 -1.88163e-05 -0.04250365012 2.029424005e-05 1 3.43408832e-05 0.04250365012 -3.51724e-05 0.9990958904
0.998690201 8.79019e-05 -0.05117419522 -8.501374487e-05 1 5.861313762e-05 0.05117419522 -5.41858e-05 0.998690201
0.9971395007 -8.00917e-05 -0.07558315834 1.382736107e-05 1 -0.000877230892 0.07558315834 0.000873676 0.9971395007
0.9999993119 -1.07453e-05 -0.0007117136604 1.03438908e-05 1 -0.0005641353773 0.0007117136604 0.000564128 0.9999993119
0.9995325472 0.000132656 -0.03058382148 -0.0001469543703 1 -0.000465284468 0.03058372148 0.000469561 0.9995325466
0.9977472567 4.96248e-05 -0.06708495938 -4.989885687e-05 1 -2.408562092e-06 0.06708495938 5.7506e-06 0.9977472567
0.9994114901 3.42102e-05 -0.03430698936 -5.002703597e-05 1 -0.0004601850378 0.03430698936 0.00046163 0.9994114901
0.9999969429 0.000199633 0.002594950649 -0.0001984608822 1 -0.0004516256277 -0.002594950649 0.00045111 0.9999969429
0.9995562753 4.45191e-05 -0.02977092207 -6.220549486e-05 1 -0.0005931569894 0.02977092207 0.000594746 0.9995562753
0.9998089612 7.19448e-05 -0.01954958645 -8.075022322e-05 1 -0.0004496441587 0.01954958645 0.000451137 0.9998089612
0.9994163332 7.56021e-05 -0.03415381862 -9.605115569e-05 1 -0.0005970875405 0.03415371864 0.000600019 0.9994163316
0.9979271087 -1.92551e-05 -0.06435402263 -3.165538639e-05 1 -0.0007900812252 0.06435402263 0.00079048 0.9979271087
0.9989360643 0.000108868 -0.04612345393 -0.0001205114617 1 -0.000249669882 0.04612345393 0.000254963 0.9989360643
0.9986159625 7.73684e-05 -0.05259464219 -8.563482318e-05 1 -0.0001549169167 0.05259464219 0.000159206 0.9986159625
0.9991484567 0.00015258 -0.04124814506 -0.0001560273013 1 -8.034203184e-05 0.04124814506 8.67094e-05 0.9991484567
0.9988760525 0.00012761 -0.04740753325 -0.0001563727232 1 -0.0006030122297 0.04740745245 0.000609748 0.9988750508
0.997646736 9.87545e-06 -0.06856809459 -6.332866793e-05 1 -0.0007773911853 0.06856811609 0.000779903 0.9976457362
0.9999274816 5.58855e-05 -0.01202996105 -6.405448636e-05 1 -0.0006786677899 0.01202986111 0.00067939 0.999927478
0.9999379239 9.99689e-06 -0.01116349394 -1.080367591e-05 1 -7.221033659e-05 0.01116349394 7.23265e-05 0.9999379239
0.9999753262 0.000147628 0.007029853675 -0.000147562456 1 -9.858167748e-06 -0.007029853675 8.82058e-06 0.9999753262
0.9999755624 8.97065e-05 0.006943181523 -8.820492004e-05 1 -0.0002165147755 -0.006943181523 0.000215898 0.9999755624
0.9998268942 0.000107118 0.01860582322 -0.0001102952866 1 0.0001697236917 -0.01860582322 -0.000171747 0.9998268942
0.9987942476 0.000166738 -0.04908502658 -0.0001792805053 1 -0.0002511156675 0.04908402907 0.000259613 0.998794177
0.9999798899 6.52805e-05 -0.00629808745 -6.755535863e-05 1 -0.0003609858052 0.00629808745 0.000361404 0.9999798899
0.9999768227 7.60486e-06 0.006858455444 -1.054606814e-05 1 0.0004288095581 -0.006858455444 -0.000428872 0.9999768227
0.9998973761 2.86792e-05 -0.01429900683 -2.162461856e-05 1 0.0004935187197 0.01429900683 -0.000493159 0.9998973761
0.9997172717 9.7281e-05 0.02376187492 -9.537534526e-05 1 -8.132890783e-05 -0.02376187492 7.90396e-05 0.9997172717
0.9999911696 2.37116e-05 -0.004173943957 -2.594578386e-05 1 -0.0005352317307 0.004173943957 0.000535335 0.9999911696
0.9999979116 -2.06982e-05 0.002125242564 2.057184741e-05 1 5.950677942e-05 -0.002125242564 -5.9463e-05 0.9999979116
0.9994898427 0.000406702 0.03192840245 -0.0003617236539 0.999999 -0.001414502381 -0.03192889163 0.00140224 0.9994888373
0.9998045151 0.000113922 0.01978674219 -0.0001073136439 1 -0.0003350445343 -0.01978684188 0.000332856 0.9998045072
0.9999519826 -4.58543e-05 -0.009823856085 4.64901802e-05 1 6.45020402e-05 0.009823856085 -6.49557e-05 0.9999519826
0.9995035409 0.000183721 0.03152062758 -0.0001693267183 1 -0.0004593290649 -0.03152070702 0.000453763 0.9995025391
0.9999415488 2.56403e-05 -0.01080410807 -3.784160696e-05 0.999999 -0.001129140204 0.01080405161 0.00112948 0.9999405454
0.9999023274 7.9573e-05 0.01398873885 -6.94962138e-05 1 -0.0007208676655 -0.01398873885 0.000719824 0.9999023274
0.9999077767 3.80127e-05 -0.01358493439 -5.092649988e-05 1 -0.0009502504384 0.01358497142 0.000950854 0.9999067774
0.9999898806 3.79814e-05 0.004536299321 -3.421198127e-05 1 -0.0008310167377 -0.004536266676 0.000830853 0.9999888812
0.9999983841 2.09013e-05 0.001572060627 -2.035269437e-05 1 -0.0003490089289 -0.001572060627 0.000348977 0.9999983841
0.9931115999 0.000546905 0.1171734184 -0.0003896725586 0.999999 -0.001364782819 -0.1171740802 0.00130972 0.9931105741
0.999708211 0.00012691 0.02416352153 -0.0001173743442 1 -0.0003960643445 -0.02416352153 0.000393112 0.999708211
0.9766544771 -0.000260438 -0.2148137271 -7.606436351e-05 0.999999 -0.001558217186 0.2148137581 0.00153818 0.9766534775
0.9999784893 -1.67857e-05 0.006513041063 1.799122734e-05 1 -0.0001850444508 -0.006513041063 0.000185158 0.9999784893
0.9992796089 -7.67746e-06 0.03793946902 -9.329667347e-07 1 0.0002269332607 -0.03793946902 -0.000226805 0.9992796089
0.9961745033 0.000206486 0.08738399035 -0.0001541585088 1 -0.0006055678343 -0.08738418914 0.00058978 0.9961744814
0.9987174414 0.000101734 0.05062549651 -9.655500631e-05 1 -0.0001047279763 -0.05062549651 9.97056e-05 0.9987174414
0.9998905455 4.40583e-05 0.01478497408 -4.090342613e-05 1 -0.0002136874911 -0.01478507389 0.00021306 0.9998905393
0.9999913412 5.61027e-05 0.004054511581 -5.548245339e-05 1 -0.0001530895962 -0.004054511581 0.000152863 0.9999913412
0.9996351204 5.16275e-05 0.02702358786 -3.061235151e-05 1 -0.0007780737452 -0.02702361137 0.000776963 0.9996341157
0.9999962443 1.98555e-05 0.002855330703 -1.86057758e-05 1 -0.0004377145935 -0.002855330703 0.000437659 0.9999962443
0.9999854844 0.00031692 0.005457747934 -0.0003167472671 1 -3.249952794e-05 -0.005457747934 3.07703e-05 0.9999854844
0.9907179819 -0.000296857 -0.1359329115 0.0001704534036 1 -0.0009415335095 0.1359329115 0.000909624 0.9907179819
0.9996040025 1.03196e-05 -0.02812332841 -1.448349374e-05 1 -0.0001478517642 0.02812332841 0.000148201 0.9996040025
0.9987061243 3.36624e-05 0.05084851279 1.241066003e-06 1 -0.0006863890221 -0.05084861247 0.000685564 0.9987061163
0.9965295754 9.6632e-05 -0.08323545952 -0.0002366684088 0.999999 -0.00167254423 0.08323457313 0.00168644 0.9965284735
0.9993779456 1.05923e-05 0.0352656695 -7.726455146e-06 1 -8.140143629e-05 -0.0352656695 8.10783e-05 0.9993779456
0.999923504 -1.27449e-05 0.01234425743 1.730147204e-05 1 -0.0003690156585 -0.01234425743 0.000369201 0.999923504
0.9996150324 1.30431e-05 0.02775929146 1.916956175e-05 0.999999 -0.001160163466 -0.02775932926 0.00116025 0.9996140281
0.987986175 0.000220981 0.1545447112 -3.927215688e-05 0.999999 -0.001178823946 -0.1545446924 0.00115859 0.9879851752
0.9995100958 7.6873e-05 0.03129756329 -4.665046888e-05 1 -0.0009663902528 -0.03129766291 0.000964457 0.999510087
0.9998138535 -9.3964e-05 -0.01927040244 9.464027335e-05 1 3.418073785e-05 0.01927040244 -3.59981e-05 0.9998138535
0.9997545152 0.000416169 -0.02215921154 -0.0004279654863 1 -0.0005275829813 0.02215921154 0.000536937 0.9997545152
0.9992436386 1.16213e-05 0.03889319525 2.911971993e-05 0.999999 -0.00104694568 -0.03889310891 0.00104729 0.9992426423
0.9920585249 0.000978009 0.1257737426 -0.0006409945409 0.999996 -0.002719966467 -0.1257759553 0.00261775 0.9920553071
1.000000023 8.07528e-05 0.0004985641247 -8.030019921e-05 1 -0.0009078380731 -0.0004986466323 0.000907798 0.9999990209
0.9997313044 3.42516e-05 0.02317590465 -2.65006235e-05 1 -0.0003347515254 -0.02317591465 0.000334048 0.9997313042
0.9786588605 0.000488428 0.2054892714 -0.0003938501344 1 -0.000501157489 -0.2054894702 0.00040953 0.978658839
0.9902079051 0.000574677 0.1395997736 -0.0005108022299 1 -0.0004933872953 -0.1396000723 0.000417248 0.9902078775
0.9997188052 -2.29372e-05 0.02372464384 1.853236016e-05 1 0.0001858881535 -0.02372465384 -0.000185396 0.999718805
0.9994484817 4.30153e-05 0.03320376814 -6.549987903e-06 0.999999 -0.001098341487 -0.0332038679 0.00109752 0.9994484748
0.987887528 0.000259258 0.1551697007 -0.0002373976206 1 -0.0001594136785 -0.1551698004 0.000120646 0.9878875209
0.9981858435 0.000625933 0.06020965294 -0.0004625469611 0.999996 -0.00272751135 -0.06021109603 0.00269471 0.9981817842
0.9986643722 0.000183057 0.05166783769 -7.514328922e-05 0.999998 -0.002090545843 -0.05166817631 0.00208387 0.9986623386
0.9981236826 6.58566e-05 0.06122578701 -4.011384067e-05 1 -0.0004216857038 -0.06122578701 0.000418439 0.9981236826
0.9991659673 2.15727e-05 0.04084409863 -2.277279937e-05 1 2.891816659e-05 -0.04084409863 -2.98242e-05 0.9991659673
0.9947867474 0.000122962 -0.1019775204 -0.0001660387676 1 -0.0004139242864 0.1019775204 0.000428699 0.9947867474
0.9998915525 0.000104692 0.01475500314 -9.687042999e-05 1 -0.0005308042347 -0.01475496261 0.000529318 0.9998905533
0.9999665464 5.59989e-05 0.008192651811 -5.174104127e-05 1 -0.0005199281955 -0.008192681807 0.000519487 0.9999665459
0.999466511 2.51026e-05 0.03267073224 -8.098727194e-06 1 -0.0005205935539 -0.03267073224 0.000520051 0.999466511
0.9999277666 3.16429e-05 0.01204995938 -3.415006136e-05 1 0.0002078564702 -0.01204994939 -0.000208253 0.9999277668
0.9873473949 0.000987124 0.1585702222 -0.000672218356 0.999998 -0.002039519042 -0.1585721638 0.00190712 0.9873453381
0.9991786968 6.81428e-05 0.04051164107 -6.489428433e-05 1 -8.150075911e-05 -0.04051165106 7.88049e-05 0.9991786964
0.9987116666 8.29626e-05 0.0507421307 -4.647183495e-05 1 -0.0007203193214 -0.0507421906 0.000717033 0.9987116631
0.9999890102 0.000355959 0.004618615806 -0.0003527849201 1 -0.0006880065067 -0.004618815419 0.00068637 0.9999889978
0.9893209457 0.000745451 0.1457479972 -0.0005703963221 0.999999 -0.001242859301 -0.1457489969 0.00114645 0.9893209213
0.9959952531 0.000150331 0.08940371251 -0.0001203359851 1 -0.0003408894344 -0.08940376229 0.000328766 0.9959952484
0.9992323921 2.48193e-05 0.03916586862 -2.387187446e-05 1 -2.465917305e-05 -0.03916586862 2.37053e-05 0.9992323921
0.9906202694 2.75181e-05 -0.1366472469 -7.791684186e-05 1 -0.0003634758662 0.1366472954 0.000370713 0.9906192705
0.9989840337 -0.000138085 -0.04506029057 -7.557916978e-06 0.999995 -0.003231987839 0.04506086996 0.00322904 0.9989790674
0.9997105306 8.94489e-05 0.02405016768 -7.734421515e-05 1 -0.0005042413462 -0.02405020768 0.000502236 0.9997105298
0.9988908183 -3.13048e-05 -0.04707586001 -2.046595803e-05 0.999999 -0.001099247278 0.04707586001 0.00109899 0.9988908183
0.9969842935 9.65267e-05 0.07760583946 -1.42033345e-05 0.999999 -0.001061340765 -0.07760587482 0.00105703 0.9969832892
0.9956586438 0.000149313 0.09307645496 2.347733579e-05 0.999998 -0.001855337335 -0.09307663661 0.00184947 0.995657624
0.9871868139 0.000401428 0.1595694366 -0.0002491260149 0.999999 -0.0009744582803 -0.1595697706 0.00092222 0.98718579
0.995899963 0.000643511 0.09046157347 -0.0004298538521 0.999997 -0.0023813253 -0.09046280764 0.00233267 0.9958969353
0.9982064492 3.97679e-05 0.05986817166 -9.558743472e-06 1 -0.0005048818482 -0.05986817166 0.000503404 0.9982064492
0.9990117604 3.18173e-05 0.04445516058 1.755658652e-05 0.999999 -0.001110253995 -0.04445508722 0.00110994 0.9990107631
0.9999989641 4.08005e-05 0.001569492413 -3.840047655e-05 0.999999 -0.001529241648 -0.001569566555 0.00152918 0.9999979618
0.9977272854 3.89299e-05 0.06738645194 -7.276193149e-06 1 -0.0004699805502 -0.06738645194 0.000468422 0.9977272854
0.9949310781 6.24292e-05 0.1005570547 5.964005245e-05 0.999999 -0.00121092328 -0.1005570251 0.00121078 0.9949300761
0.9995286486 2.57267e-05 0.03070671854 7.85241635e-06 0.999999 -0.001093425361 -0.03070667279 0.00109315 0.9995276497
0.9988314857 1.33118e-05 0.04833596112 2.281507548e-06 1 -0.0003225480388 -0.04833596112 0.000322282 0.9988314857
0.9939919475 0.000205128 0.1094530417 -8.518045272e-05 0.999999 -0.001100559116 -0.1094531523 0.00108463 0.9939909274
0.9974160455 2.16866e-05 0.07184743634 6.909599138e-06 1 -0.0003977638177 -0.07184743634 0.000397232 0.9974160455
0.9992813509 2.75524e-05 0.03791294837 2.066989585e-06 1 -0.000781208434 -0.03791296631 0.000780726 0.9992803461
0.9983718852 -8.03349e-05 0.05704289564 0.0001433390036 0.999999 -0.001100411756 -0.0570426926 0.00110679 0.998370901
0.9994404857 -6.08406e-07 0.03343555351 2.117625056e-05 1 -0.0006147945283 -0.03343555351 0.000615159 0.9994404857
0.9979681874 7.47908e-06 0.06371698661 1.767402949e-05 1 -0.0003941999439 -0.06371698661 0.000394526 0.9979681874
0.996746229 0.000395214 0.08059770152 -0.0002901640351 0.999999 -0.001315093167 -0.08059820072 0.00128742 0.9967462007
0.9984253473 1.83841e-05 0.05610472962 3.722116557e-05 1 -0.0009900527185 -0.05610464695 0.000990581 0.9984243507
0.9984282383 3.94864e-05 0.05604941683 -4.15943069e-06 1 -0.0006304000823 -0.05604941683 0.000629176 0.9984282383
0.9982791186 1.61744e-05 0.05864672883 3.721970278e-05 1 -0.0009093439288 -0.05864661643 0.000909961 0.9982781249
0.9982865412 1.76255e-05 0.05851623732 3.416155776e-05 1 -0.0008840024558 -0.05851633659 0.000884487 0.9982865291
